10000,3,1,5,5,5,1,2,3,0.000601,0.0283,0.0306,7.581823%,0.000191,0.2480,0.2571,3.531897%,0.000081,0.7237,0.7123,1.600660%
10000,3,2,5,5,5,1,2,3,0.001132,0.0045,0.0054,16.290847%,0.000609,0.1798,0.1847,2.642798%,0.000273,0.8157,0.8099,0.710728%
10000,3,3,5,5,5,1,2,3,0.001113,0.0007,0.0011,33.603364%,0.000574,0.1350,0.1360,0.710723%,0.000602,0.8643,0.8630,0.153030%
10000,3,4,5,5,5,1,2,3,0.001953,0.0001,0.0002,54.013555%,0.000906,0.1031,0.1020,1.066389%,0.000749,0.8968,0.8978,0.108089%
10000,3,5,5,5,5,1,2,3,0.003933,0.0000,0.0000,100.000000%,0.001445,0.0752,0.0776,3.050807%,0.000775,0.9248,0.9224,0.261559%
10000,3,6,5,5,5,1,2,3,0.003483,0.0000,0.0000,100.000000%,0.001847,0.0572,0.0596,3.946495%,0.000988,0.9428,0.9404,0.250961%
10000,3,7,5,5,5,1,2,3,0.003948,0.0000,0.0000,100.000000%,0.001667,0.0430,0.0460,6.622946%,0.001258,0.9570,0.9539,0.319939%
10000,3,8,5,5,5,1,2,3,0.004424,0.0000,0.0000,100.000000%,0.002180,0.0363,0.0358,1.367694%,0.001463,0.9637,0.9642,0.050746%
10000,3,9,5,5,5,1,2,3,0.005368,0.0000,0.0000,100.000000%,0.002026,0.0266,0.0280,4.906491%,0.001692,0.9734,0.9720,0.141207%
10000,3,10,5,5,5,1,2,3,0.005363,0.0000,0.0000,100.000000%,0.002257,0.0229,0.0219,4.421077%,0.001413,0.9771,0.9781,0.099128%
10000,3,11,5,5,5,1,2,3,0.005343,0.0000,0.0000,100.000000%,0.002388,0.0163,0.0172,5.486640%,0.002382,0.9837,0.9828,0.096285%
10000,3,12,5,5,5,1,2,3,0.006111,0.0000,inf,-nan%,0.002379,0.0133,inf,-nan%,0.002082,0.9867,inf,-nan%
10000,3,13,5,5,5,1,2,3,0.006487,0.0000,inf,-nan%,0.003554,0.0107,inf,-nan%,0.002284,0.9893,inf,-nan%
10000,3,14,5,5,5,1,2,3,0.006842,0.0000,inf,-nan%,0.003703,0.0083,inf,-nan%,0.002795,0.9917,inf,-nan%
10000,3,15,5,5,5,1,2,3,0.008566,0.0000,inf,-nan%,0.004169,0.0066,inf,-nan%,0.002509,0.9934,inf,-nan%
10000,3,16,5,5,5,1,2,3,0.008062,0.0000,inf,-nan%,0.003856,0.0051,inf,-nan%,0.003135,0.9949,inf,-nan%
10000,3,17,5,5,5,1,2,3,0.008225,0.0000,inf,-nan%,0.004309,0.0031,inf,-nan%,0.002782,0.9969,inf,-nan%
10000,3,18,5,5,5,1,2,3,0.008119,0.0000,inf,-nan%,0.004181,0.0031,inf,-nan%,0.002869,0.9969,inf,-nan%
10000,3,19,5,5,5,1,2,3,0.008778,0.0000,inf,-nan%,0.004998,0.0025,inf,-nan%,0.002949,0.9975,inf,-nan%
10000,3,20,5,5,5,1,2,3,0.010592,0.0000,inf,-nan%,0.004990,0.0015,inf,-nan%,0.003495,0.9985,inf,-nan%
10000,3,21,5,5,5,1,2,3,0.013100,0.0000,inf,-nan%,0.005096,0.0018,inf,-nan%,0.003265,0.9982,inf,-nan%
10000,3,22,5,5,5,1,2,3,0.012719,0.0000,inf,-nan%,0.005493,0.0021,inf,-nan%,0.003611,0.9979,inf,-nan%
10000,3,23,5,5,5,1,2,3,0.010573,0.0000,inf,-nan%,0.004926,0.0013,inf,-nan%,0.004070,0.9987,-nan,nan%
10000,3,24,5,5,5,1,2,3,0.012397,0.0000,inf,-nan%,0.006851,0.0004,-nan,nan%,0.004026,0.9996,-nan,nan%
10000,3,25,5,5,5,1,2,3,0.011478,0.0000,inf,-nan%,0.006469,0.0009,-nan,nan%,0.004468,0.9991,-nan,nan%
10000,3,26,5,5,5,1,2,3,0.013154,0.0000,-nan,nan%,0.007474,0.0010,-nan,nan%,0.004232,0.9990,-nan,nan%
10000,3,27,5,5,5,1,2,3,0.012859,0.0000,-nan,nan%,0.006899,0.0006,-nan,nan%,0.004853,0.9994,-nan,nan%
10000,3,28,5,5,5,1,2,3,0.014387,0.0000,-nan,nan%,0.007620,0.0002,-nan,nan%,0.004829,0.9998,-nan,nan%
10000,3,29,5,5,5,1,2,3,0.014613,0.0000,-nan,nan%,0.007155,0.0002,-nan,nan%,0.004576,0.9998,-nan,nan%
10000,3,30,5,5,5,1,2,3,0.015691,0.0000,-nan,nan%,0.007849,0.0001,-nan,nan%,0.004917,0.9999,-nan,nan%
10000,5,1,5,5,5,5,5,1,2,3,4,5,0.000715,0.0026,0.0027,3.919158%,0.000113,0.0350,0.0364,3.821412%,0.000148,0.1327,0.1327,0.001708%,0.000120,0.3005,0.2988,0.561650%,0.000072,0.5292,0.5294,0.034740%
10000,5,2,5,5,5,5,5,1,2,3,4,5,0.001108,0.0000,0.0001,100.000000%,0.000546,0.0107,0.0094,13.528629%,0.000429,0.0778,0.0809,3.890441%,0.000404,0.2782,0.2793,0.380226%,0.000245,0.6333,0.6303,0.478852%
10000,5,3,5,5,5,5,5,1,2,3,4,5,0.002339,0.0000,0.0000,100.000000%,0.000611,0.0020,0.0027,26.058796%,0.000516,0.0495,0.0514,3.788276%,0.000465,0.2544,0.2546,0.066493%,0.000304,0.6941,0.6913,0.408816%
10000,5,4,5,5,5,5,5,1,2,3,4,5,0.001928,0.0000,0.0000,100.000000%,0.000872,0.0006,0.0008,26.413706%,0.000454,0.0337,0.0336,0.434610%,0.000572,0.2271,0.2311,1.720635%,0.000354,0.7386,0.7346,0.550759%
10000,5,5,5,5,5,5,5,1,2,3,4,5,0.002624,0.0000,0.0000,100.000000%,0.001131,0.0000,0.0003,100.000000%,0.000701,0.0218,0.0223,2.102406%,0.000561,0.2119,0.2098,1.014834%,0.000443,0.7663,0.7677,0.183357%
10000,5,6,5,5,5,5,5,1,2,3,4,5,0.002591,0.0000,0.0000,100.000000%,0.001127,0.0000,0.0001,100.000000%,0.001135,0.0141,0.0150,5.776566%,0.000782,0.1888,0.1907,0.985416%,0.000694,0.7971,0.7943,0.355473%
10000,5,7,5,5,5,5,5,1,2,3,4,5,0.003401,0.0000,0.0000,100.000000%,0.002017,0.0000,0.0000,100.000000%,0.001410,0.0107,0.0102,5.406178%,0.000960,0.1765,0.1736,1.666810%,0.000788,0.8128,0.8162,0.418616%
10000,5,8,5,5,5,5,5,1,2,3,4,5,0.003801,0.0000,inf,-nan%,0.002320,0.0000,inf,-nan%,0.001405,0.0071,inf,-nan%,0.000891,0.1630,inf,-nan%,0.000637,0.8299,inf,-nan%
10000,5,9,5,5,5,5,5,1,2,3,4,5,0.005589,0.0000,inf,-nan%,0.002824,0.0000,inf,-nan%,0.001332,0.0048,inf,-nan%,0.000960,0.1425,inf,-nan%,0.001101,0.8527,inf,-nan%
10000,5,10,5,5,5,5,5,1,2,3,4,5,0.004962,0.0000,inf,-nan%,0.002039,0.0000,inf,-nan%,0.001458,0.0029,inf,-nan%,0.001090,0.1269,inf,-nan%,0.000976,0.8702,inf,-nan%
10000,5,11,5,5,5,5,5,1,2,3,4,5,0.005460,0.0000,-nan,nan%,0.002840,0.0000,-nan,nan%,0.001311,0.0025,-nan,nan%,0.001461,0.1234,-nan,nan%,0.001066,0.8741,-nan,nan%
10000,5,12,5,5,5,5,5,1,2,3,4,5,0.005205,0.0000,-nan,nan%,0.004135,0.0000,-nan,nan%,0.001769,0.0010,-nan,nan%,0.001744,0.1105,-nan,nan%,0.001356,0.8885,-nan,nan%
10000,5,13,5,5,5,5,5,1,2,3,4,5,0.007294,0.0000,-nan,nan%,0.003453,0.0000,-nan,nan%,0.002118,0.0012,-nan,nan%,0.001829,0.1010,-nan,nan%,0.001215,0.8978,-nan,nan%
10000,5,14,5,5,5,5,5,1,2,3,4,5,0.006704,0.0000,-nan,nan%,0.003567,0.0000,-nan,nan%,0.002343,0.0010,-nan,nan%,0.001900,0.0899,-nan,nan%,0.001262,0.9091,-nan,nan%
10000,5,15,5,5,5,5,5,1,2,3,4,5,0.007753,0.0000,-nan,nan%,0.003792,0.0000,-nan,nan%,0.002986,0.0002,-nan,nan%,0.001802,0.0892,-nan,nan%,0.001808,0.9106,-nan,nan%
10000,5,16,5,5,5,5,5,1,2,3,4,5,0.008778,0.0000,-nan,nan%,0.004043,0.0000,-nan,nan%,0.002670,0.0005,-nan,nan%,0.001889,0.0807,-nan,nan%,0.001564,0.9188,-nan,nan%
10000,5,17,5,5,5,5,5,1,2,3,4,5,0.009106,0.0000,-nan,nan%,0.004894,0.0000,-nan,nan%,0.003453,0.0003,-nan,nan%,0.002208,0.0700,-nan,nan%,0.001951,0.9297,-nan,nan%
10000,5,18,5,5,5,5,5,1,2,3,4,5,0.008861,0.0000,-nan,nan%,0.004165,0.0000,-nan,nan%,0.003354,0.0003,-nan,nan%,0.001932,0.0684,-nan,nan%,0.001773,0.9313,-nan,nan%
10000,5,19,5,5,5,5,5,1,2,3,4,5,0.007969,0.0000,-nan,nan%,0.004777,0.0000,-nan,nan%,0.003139,0.0001,-nan,nan%,0.002256,0.0613,-nan,nan%,0.002038,0.9386,-nan,nan%
10000,5,20,5,5,5,5,5,1,2,3,4,5,0.009157,0.0000,-nan,nan%,0.005608,0.0000,-nan,nan%,0.003136,0.0002,-nan,nan%,0.002874,0.0534,-nan,nan%,0.002161,0.9464,-nan,nan%
10000,5,21,5,5,5,5,5,1,2,3,4,5,0.010339,0.0000,-nan,nan%,0.005157,0.0000,-nan,nan%,0.003642,0.0000,-nan,nan%,0.002345,0.0525,-nan,nan%,0.002111,0.9475,-nan,nan%
10000,5,22,5,5,5,5,5,1,2,3,4,5,0.010648,0.0000,-nan,nan%,0.005866,0.0000,-nan,nan%,0.003290,0.0001,-nan,nan%,0.002432,0.0494,-nan,nan%,0.002255,0.9505,-nan,nan%
10000,5,23,5,5,5,5,5,1,2,3,4,5,0.010941,0.0000,-nan,nan%,0.005769,0.0000,-nan,nan%,0.004128,0.0000,-nan,nan%,0.002609,0.0447,-nan,nan%,0.002039,0.9553,-nan,nan%
10000,5,24,5,5,5,5,5,1,2,3,4,5,0.012841,0.0000,-nan,nan%,0.005988,0.0000,-nan,nan%,0.003413,0.0000,-nan,nan%,0.003242,0.0427,-nan,nan%,0.002267,0.9573,-nan,nan%
10000,5,25,5,5,5,5,5,1,2,3,4,5,0.011309,0.0000,-nan,nan%,0.005879,0.0000,-nan,nan%,0.004335,0.0000,-nan,nan%,0.002916,0.0396,-nan,nan%,0.002569,0.9604,-nan,nan%
10000,5,26,5,5,5,5,5,1,2,3,4,5,0.011606,0.0000,-nan,nan%,0.006375,0.0000,-nan,nan%,0.004121,0.0000,-nan,nan%,0.002934,0.0372,-nan,nan%,0.002543,0.9628,-nan,nan%
10000,5,27,5,5,5,5,5,1,2,3,4,5,0.014397,0.0000,-nan,nan%,0.006245,0.0000,-nan,nan%,0.004511,0.0000,-nan,nan%,0.003316,0.0330,-nan,nan%,0.002597,0.9670,-nan,nan%
10000,5,28,5,5,5,5,5,1,2,3,4,5,0.011737,0.0000,-nan,nan%,0.006501,0.0000,-nan,nan%,0.004674,0.0000,-nan,nan%,0.003639,0.0296,-nan,nan%,0.002800,0.9704,-nan,nan%
10000,5,29,5,5,5,5,5,1,2,3,4,5,0.014268,0.0000,-nan,nan%,0.007068,0.0000,-nan,nan%,0.004977,0.0000,-nan,nan%,0.003561,0.0320,-nan,nan%,0.002790,0.9680,-nan,nan%
10000,5,30,5,5,5,5,5,1,2,3,4,5,0.014250,0.0000,-nan,nan%,0.007996,0.0000,-nan,nan%,0.004909,0.0000,-nan,nan%,0.003648,0.0245,-nan,nan%,0.003100,0.9755,-nan,nan%
10000,10,1,5,5,5,5,5,5,5,5,5,5,1,2,3,4,5,7,9,12,15,19,0.000356,0.0000,0.0000,100.000000%,0.000256,0.0000,0.0001,100.000000%,0.000188,0.0009,0.0009,1.487369%,0.000035,0.0038,0.0029,29.370269%,0.000102,0.0063,0.0071,11.371849%,0.000067,0.0259,0.0247,4.840481%,0.000084,0.0600,0.0581,3.281516%,0.000041,0.1406,0.1422,1.154485%,0.000011,0.2732,0.2680,1.938242%,0.000021,0.4893,0.4959,1.324198%
10000,10,2,5,5,5,5,5,5,5,5,5,5,1,2,3,4,5,7,9,12,15,19,0.000772,0.0000,0.0000,100.000000%,0.000485,0.0000,0.0000,100.000000%,0.000600,0.0000,0.0000,100.000000%,0.000144,0.0002,0.0001,80.185693%,0.000145,0.0009,0.0006,56.840422%,0.000131,0.0054,0.0054,0.137190%,0.000106,0.0219,0.0233,6.026207%,0.000089,0.0976,0.0988,1.173491%,0.000057,0.2584,0.2570,0.559800%,0.000058,0.6156,0.6149,0.116132%
10000,10,3,5,5,5,5,5,5,5,5,5,5,1,2,3,4,5,7,9,12,15,19,0.001219,0.0000,0.0000,100.000000%,0.000712,0.0000,0.0000,100.000000%,0.000562,0.0000,0.0000,100.000000%,0.000418,0.0000,0.0000,100.000000%,0.000284,0.0000,0.0001,100.000000%,0.000172,0.0004,0.0013,68.929858%,0.000162,0.0105,0.0099,5.876262%,0.000091,0.0663,0.0690,3.893132%,0.000075,0.2331,0.2351,0.856793%,0.000101,0.6897,0.6846,0.739325%
10000,10,4,5,5,5,5,5,5,5,5,5,5,1,2,3,4,5,7,9,12,15,19,0.002454,0.0000,-nan,nan%,0.001264,0.0000,-nan,nan%,0.000430,0.0000,-nan,nan%,0.000656,0.0000,-nan,nan%,0.000333,0.0000,-nan,nan%,0.000253,0.0004,-nan,nan%,0.000228,0.0032,-nan,nan%,0.000134,0.0450,-nan,nan%,0.000145,0.2152,-nan,nan%,0.000144,0.7362,-nan,nan%
10000,10,5,5,5,5,5,5,5,5,5,5,5,1,2,3,4,5,7,9,12,15,19,0.002839,0.0000,-nan,nan%,0.001279,0.0000,-nan,nan%,0.000740,0.0000,-nan,nan%,0.000735,0.0000,-nan,nan%,0.000466,0.0000,-nan,nan%,0.000371,0.0000,-nan,nan%,0.000379,0.0017,-nan,nan%,0.000271,0.0357,-nan,nan%,0.000129,0.1926,-nan,nan%,0.000098,0.7700,-nan,nan%
10000,10,6,5,5,5,5,5,5,5,5,5,5,1,2,3,4,5,7,9,12,15,19,0.003340,0.0000,-nan,nan%,0.001675,0.0000,-nan,nan%,0.001203,0.0000,-nan,nan%,0.000882,0.0000,-nan,nan%,0.000536,0.0000,-nan,nan%,0.000479,0.0001,-nan,nan%,0.000279,0.0011,-nan,nan%,0.000261,0.0254,-nan,nan%,0.000241,0.1755,-nan,nan%,0.000130,0.7979,-nan,nan%
10000,10,7,5,5,5,5,5,5,5,5,5,5,1,2,3,4,5,7,9,12,15,19,0.003933,0.0000,-nan,nan%,0.001431,0.0000,-nan,nan%,0.001251,0.0000,-nan,nan%,0.000928,0.0000,-nan,nan%,0.000593,0.0000,-nan,nan%,0.000426,0.0000,-nan,nan%,0.000334,0.0004,-nan,nan%,0.000315,0.0199,-nan,nan%,0.000260,0.1578,-nan,nan%,0.000161,0.8219,-nan,nan%
10000,10,8,5,5,5,5,5,5,5,5,5,5,1,2,3,4,5,7,9,12,15,19,0.003114,0.0000,-nan,nan%,0.001714,0.0000,-nan,nan%,0.001118,0.0000,-nan,nan%,0.000888,0.0000,-nan,nan%,0.000862,0.0000,-nan,nan%,0.000473,0.0001,-nan,nan%,0.000443,0.0001,-nan,nan%,0.000426,0.0128,-nan,nan%,0.000251,0.1452,-nan,nan%,0.000202,0.8418,-nan,nan%
10000,10,9,5,5,5,5,5,5,5,5,5,5,1,2,3,4,5,7,9,12,15,19,0.004604,0.0000,-nan,nan%,0.001854,0.0000,-nan,nan%,0.001310,0.0000,-nan,nan%,0.001287,0.0000,-nan,nan%,0.000684,0.0000,-nan,nan%,0.000539,0.0000,-nan,nan%,0.000478,0.0003,-nan,nan%,0.000438,0.0092,-nan,nan%,0.000327,0.1287,-nan,nan%,0.000246,0.8618,-nan,nan%
10000,10,10,5,5,5,5,5,5,5,5,5,5,1,2,3,4,5,7,9,12,15,19,0.003889,0.0000,-nan,nan%,0.002908,0.0000,-nan,nan%,0.001536,0.0000,-nan,nan%,0.001575,0.0000,-nan,nan%,0.001206,0.0000,-nan,nan%,0.000565,0.0000,-nan,nan%,0.000556,0.0000,-nan,nan%,0.000439,0.0072,-nan,nan%,0.000286,0.1162,-nan,nan%,0.000251,0.8766,-nan,nan%
10000,10,11,5,5,5,5,5,5,5,5,5,5,1,2,3,4,5,7,9,12,15,19,0.005318,0.0000,-nan,nan%,0.003752,0.0000,-nan,nan%,0.001711,0.0000,-nan,nan%,0.001491,0.0000,-nan,nan%,0.001246,0.0000,-nan,nan%,0.000796,0.0000,-nan,nan%,0.000497,0.0000,-nan,nan%,0.000475,0.0049,-nan,nan%,0.000396,0.1067,-nan,nan%,0.000316,0.8884,-nan,nan%
10000,10,12,5,5,5,5,5,5,5,5,5,5,1,2,3,4,5,7,9,12,15,19,0.007446,0.0000,-nan,nan%,0.003703,0.0000,-nan,nan%,0.002131,0.0000,-nan,nan%,0.001577,0.0000,-nan,nan%,0.001171,0.0000,-nan,nan%,0.001110,0.0000,-nan,nan%,0.000594,0.0000,-nan,nan%,0.000417,0.0033,-nan,nan%,0.000411,0.0962,-nan,nan%,0.000295,0.9005,-nan,nan%
10000,10,13,5,5,5,5,5,5,5,5,5,5,1,2,3,4,5,7,9,12,15,19,0.005823,0.0000,-nan,nan%,0.003741,0.0000,-nan,nan%,0.002477,0.0000,-nan,nan%,0.001636,0.0000,-nan,nan%,0.001016,0.0000,-nan,nan%,0.000872,0.0000,-nan,nan%,0.000638,0.0000,-nan,nan%,0.000577,0.0032,-nan,nan%,0.000322,0.0874,-nan,nan%,0.000318,0.9094,-nan,nan%
10000,10,14,5,5,5,5,5,5,5,5,5,5,1,2,3,4,5,7,9,12,15,19,0.006819,0.0000,-nan,nan%,0.003690,0.0000,-nan,nan%,0.002173,0.0000,-nan,nan%,0.001790,0.0000,-nan,nan%,0.001430,0.0000,-nan,nan%,0.000902,0.0000,-nan,nan%,0.000789,0.0001,-nan,nan%,0.000690,0.0025,-nan,nan%,0.000470,0.0844,-nan,nan%,0.000353,0.9130,-nan,nan%
10000,10,15,5,5,5,5,5,5,5,5,5,5,1,2,3,4,5,7,9,12,15,19,0.006369,0.0000,-nan,nan%,0.004115,0.0000,-nan,nan%,0.002748,0.0000,-nan,nan%,0.001497,0.0000,-nan,nan%,0.001370,0.0000,-nan,nan%,0.001099,0.0000,-nan,nan%,0.000899,0.0000,-nan,nan%,0.000625,0.0014,-nan,nan%,0.000466,0.0703,-nan,nan%,0.000377,0.9283,-nan,nan%
10000,10,16,5,5,5,5,5,5,5,5,5,5,1,2,3,4,5,7,9,12,15,19,0.007949,0.0000,-nan,nan%,0.003739,0.0000,-nan,nan%,0.002738,0.0000,-nan,nan%,0.002110,0.0000,-nan,nan%,0.001478,0.0000,-nan,nan%,0.001001,0.0000,-nan,nan%,0.000975,0.0000,-nan,nan%,0.000788,0.0016,-nan,nan%,0.000454,0.0669,-nan,nan%,0.000485,0.9315,-nan,nan%
10000,10,17,5,5,5,5,5,5,5,5,5,5,1,2,3,4,5,7,9,12,15,19,0.009298,0.0000,-nan,nan%,0.003865,0.0000,-nan,nan%,0.002701,0.0000,-nan,nan%,0.002371,0.0000,-nan,nan%,0.001792,0.0000,-nan,nan%,0.001110,0.0000,-nan,nan%,0.001018,0.0000,-nan,nan%,0.000766,0.0012,-nan,nan%,0.000513,0.0656,-nan,nan%,0.000417,0.9332,-nan,nan%
10000,10,18,5,5,5,5,5,5,5,5,5,5,1,2,3,4,5,7,9,12,15,19,0.009408,0.0000,-nan,nan%,0.004172,0.0000,-nan,nan%,0.003273,0.0000,-nan,nan%,0.002214,0.0000,-nan,nan%,0.001958,0.0000,-nan,nan%,0.001070,0.0000,-nan,nan%,0.001099,0.0000,-nan,nan%,0.000857,0.0008,-nan,nan%,0.000593,0.0600,-nan,nan%,0.000493,0.9392,-nan,nan%
10000,10,19,5,5,5,5,5,5,5,5,5,5,1,2,3,4,5,7,9,12,15,19,0.010460,0.0000,-nan,nan%,0.005363,0.0000,-nan,nan%,0.003375,0.0000,-nan,nan%,0.002418,0.0000,-nan,nan%,0.001748,0.0000,-nan,nan%,0.001527,0.0000,-nan,nan%,0.001043,0.0000,-nan,nan%,0.000812,0.0004,-nan,nan%,0.000685,0.0505,-nan,nan%,0.000417,0.9491,-nan,nan%
10000,10,20,5,5,5,5,5,5,5,5,5,5,1,2,3,4,5,7,9,12,15,19,0.010602,0.0000,-nan,nan%,0.005350,0.0000,-nan,nan%,0.003473,0.0000,-nan,nan%,0.002696,0.0000,-nan,nan%,0.002101,0.0000,-nan,nan%,0.001637,0.0000,-nan,nan%,0.001175,0.0000,-nan,nan%,0.000759,0.0006,-nan,nan%,0.000689,0.0465,-nan,nan%,0.000544,0.9529,-nan,nan%
10000,10,21,5,5,5,5,5,5,5,5,5,5,1,2,3,4,5,7,9,12,15,19,0.010909,0.0000,-nan,nan%,0.006050,0.0000,-nan,nan%,0.003824,0.0000,-nan,nan%,0.002439,0.0000,-nan,nan%,0.002086,0.0000,-nan,nan%,0.001402,0.0000,-nan,nan%,0.001494,0.0000,-nan,nan%,0.000737,0.0001,-nan,nan%,0.000721,0.0444,-nan,nan%,0.000556,0.9555,-nan,nan%
10000,10,22,5,5,5,5,5,5,5,5,5,5,1,2,3,4,5,7,9,12,15,19,0.008914,0.0000,-nan,nan%,0.005976,0.0000,-nan,nan%,0.003657,0.0000,-nan,nan%,0.002524,0.0000,-nan,nan%,0.001989,0.0000,-nan,nan%,0.001745,0.0000,-nan,nan%,0.001206,0.0000,-nan,nan%,0.000839,0.0003,-nan,nan%,0.000784,0.0367,-nan,nan%,0.000498,0.9630,-nan,nan%
10000,10,23,5,5,5,5,5,5,5,5,5,5,1,2,3,4,5,7,9,12,15,19,0.013036,0.0000,-nan,nan%,0.005314,0.0000,-nan,nan%,0.004049,0.0000,-nan,nan%,0.002908,0.0000,-nan,nan%,0.001961,0.0000,-nan,nan%,0.001619,0.0000,-nan,nan%,0.001305,0.0000,-nan,nan%,0.001142,0.0002,-nan,nan%,0.000601,0.0369,-nan,nan%,0.000548,0.9629,-nan,nan%
10000,10,24,5,5,5,5,5,5,5,5,5,5,1,2,3,4,5,7,9,12,15,19,0.011118,0.0000,-nan,nan%,0.006838,0.0000,-nan,nan%,0.003566,0.0000,-nan,nan%,0.003002,0.0000,-nan,nan%,0.002443,0.0000,-nan,nan%,0.001828,0.0000,-nan,nan%,0.001335,0.0000,-nan,nan%,0.001081,0.0001,-nan,nan%,0.000860,0.0325,-nan,nan%,0.000580,0.9674,-nan,nan%
10000,10,25,5,5,5,5,5,5,5,5,5,5,1,2,3,4,5,7,9,12,15,19,0.011391,0.0000,-nan,nan%,0.006509,0.0000,-nan,nan%,0.004269,0.0000,-nan,nan%,0.003104,0.0000,-nan,nan%,0.002668,0.0000,-nan,nan%,0.001789,0.0000,-nan,nan%,0.001458,0.0000,-nan,nan%,0.001114,0.0000,-nan,nan%,0.000698,0.0331,-nan,nan%,0.000701,0.9669,-nan,nan%
10000,10,26,5,5,5,5,5,5,5,5,5,5,1,2,3,4,5,7,9,12,15,19,0.012319,0.0000,-nan,nan%,0.006110,0.0000,-nan,nan%,0.004722,0.0000,-nan,nan%,0.003426,0.0000,-nan,nan%,0.002582,0.0000,-nan,nan%,0.001928,0.0000,-nan,nan%,0.001608,0.0000,-nan,nan%,0.001099,0.0001,-nan,nan%,0.000927,0.0283,-nan,nan%,0.000648,0.9716,-nan,nan%
10000,10,27,5,5,5,5,5,5,5,5,5,5,1,2,3,4,5,7,9,12,15,19,0.012881,0.0000,-nan,nan%,0.006297,0.0000,-nan,nan%,0.004814,0.0000,-nan,nan%,0.003495,0.0000,-nan,nan%,0.002312,0.0000,-nan,nan%,0.001831,0.0000,-nan,nan%,0.001385,0.0000,-nan,nan%,0.001205,0.0000,-nan,nan%,0.000925,0.0281,-nan,nan%,0.000781,0.9719,-nan,nan%
10000,10,28,5,5,5,5,5,5,5,5,5,5,1,2,3,4,5,7,9,12,15,19,0.014977,0.0000,-nan,nan%,0.006506,0.0000,-nan,nan%,0.004416,0.0000,-nan,nan%,0.003709,0.0000,-nan,nan%,0.002635,0.0000,-nan,nan%,0.002152,0.0000,-nan,nan%,0.001605,0.0000,-nan,nan%,0.001245,0.0000,-nan,nan%,0.001006,0.0237,-nan,nan%,0.000740,0.9763,-nan,nan%
10000,10,29,5,5,5,5,5,5,5,5,5,5,1,2,3,4,5,7,9,12,15,19,0.012630,0.0000,-nan,nan%,0.008429,0.0000,-nan,nan%,0.004250,0.0000,-nan,nan%,0.003312,0.0000,-nan,nan%,0.003173,0.0000,-nan,nan%,0.002070,0.0000,-nan,nan%,0.001800,0.0000,-nan,nan%,0.001111,0.0000,-nan,nan%,0.000943,0.0214,-nan,nan%,0.000712,0.9786,-nan,nan%
10000,10,30,5,5,5,5,5,5,5,5,5,5,1,2,3,4,5,7,9,12,15,19,0.014237,0.0000,-nan,nan%,0.008379,0.0000,-nan,nan%,0.005209,0.0000,-nan,nan%,0.003688,0.0000,-nan,nan%,0.002658,0.0000,-nan,nan%,0.002168,0.0000,-nan,nan%,0.001509,0.0000,-nan,nan%,0.001192,0.0001,-nan,nan%,0.001070,0.0189,-nan,nan%,0.000825,0.9810,-nan,nan%
10000,15,1,5,5,5,5,5,5,5,5,5,5,5,5,5,5,5,1,2,3,4,5,7,9,12,15,19,24,30,38,48,60,0.000445,0.0000,0.0000,100.000000%,0.000237,0.0000,0.0000,100.000000%,0.000082,0.0000,0.0000,100.000000%,0.000096,0.0000,0.0000,100.000000%,0.000075,0.0000,0.0000,100.000000%,0.000121,0.0002,0.0002,8.987403%,0.000097,0.0001,0.0007,84.884107%,0.000051,0.0029,0.0022,30.381966%,0.000043,0.0041,0.0055,24.857706%,0.000030,0.0126,0.0135,6.383774%,0.000007,0.0298,0.0311,4.290389%,0.000009,0.0659,0.0658,0.202451%,0.000009,0.1344,0.1369,1.855804%,0.000010,0.2606,0.2665,2.213141%,0.000007,0.4894,0.4776,2.477747%
10000,15,2,5,5,5,5,5,5,5,5,5,5,5,5,5,5,5,1,2,3,4,5,7,9,12,15,19,24,30,38,48,60,0.001664,0.0000,0.0000,100.000000%,0.000614,0.0000,0.0000,100.000000%,0.000390,0.0000,0.0000,100.000000%,0.000395,0.0000,0.0000,100.000000%,0.000210,0.0000,0.0000,100.000000%,0.000143,0.0000,0.0000,100.000000%,0.000101,0.0000,0.0000,100.000000%,0.000083,0.0000,0.0001,100.000000%,0.000050,0.0005,0.0004,34.235816%,0.000032,0.0021,0.0019,8.821684%,0.000023,0.0073,0.0085,13.644430%,0.000032,0.0300,0.0298,0.512457%,0.000035,0.0921,0.0965,4.579910%,0.000031,0.2642,0.2629,0.481026%,0.000021,0.6038,0.5999,0.656165%
10000,15,3,5,5,5,5,5,5,5,5,5,5,5,5,5,5,5,1,2,3,4,5,7,9,12,15,19,24,30,38,48,60,0.001573,0.0000,-nan,nan%,0.000613,0.0000,-nan,nan%,0.000586,0.0000,-nan,nan%,0.000293,0.0000,-nan,nan%,0.000181,0.0000,-nan,nan%,0.000138,0.0000,-nan,nan%,0.000278,0.0000,-nan,nan%,0.000080,0.0000,-nan,nan%,0.000094,0.0000,-nan,nan%,0.000059,0.0003,-nan,nan%,0.000069,0.0021,-nan,nan%,0.000038,0.0133,-nan,nan%,0.000040,0.0690,-nan,nan%,0.000036,0.2431,-nan,nan%,0.000018,0.6722,-nan,nan%
10000,15,4,5,5,5,5,5,5,5,5,5,5,5,5,5,5,5,1,2,3,4,5,7,9,12,15,19,24,30,38,48,60,0.002042,0.0000,-nan,nan%,0.001143,0.0000,-nan,nan%,0.000599,0.0000,-nan,nan%,0.000442,0.0000,-nan,nan%,0.000253,0.0000,-nan,nan%,0.000319,0.0000,-nan,nan%,0.000269,0.0000,-nan,nan%,0.000133,0.0000,-nan,nan%,0.000154,0.0000,-nan,nan%,0.000104,0.0001,-nan,nan%,0.000096,0.0008,-nan,nan%,0.000053,0.0069,-nan,nan%,0.000071,0.0497,-nan,nan%,0.000033,0.2288,-nan,nan%,0.000032,0.7137,-nan,nan%
10000,15,5,5,5,5,5,5,5,5,5,5,5,5,5,5,5,5,1,2,3,4,5,7,9,12,15,19,24,30,38,48,60,0.003007,0.0000,-nan,nan%,0.001311,0.0000,-nan,nan%,0.000885,0.0000,-nan,nan%,0.000668,0.0000,-nan,nan%,0.000480,0.0000,-nan,nan%,0.000386,0.0000,-nan,nan%,0.000280,0.0000,-nan,nan%,0.000247,0.0000,-nan,nan%,0.000133,0.0000,-nan,nan%,0.000138,0.0000,-nan,nan%,0.000088,0.0003,-nan,nan%,0.000087,0.0032,-nan,nan%,0.000067,0.0355,-nan,nan%,0.000085,0.2003,-nan,nan%,0.000045,0.7607,-nan,nan%
10000,15,6,5,5,5,5,5,5,5,5,5,5,5,5,5,5,5,1,2,3,4,5,7,9,12,15,19,24,30,38,48,60,0.003167,0.0000,-nan,nan%,0.001750,0.0000,-nan,nan%,0.000678,0.0000,-nan,nan%,0.000829,0.0000,-nan,nan%,0.000595,0.0000,-nan,nan%,0.000474,0.0000,-nan,nan%,0.000386,0.0000,-nan,nan%,0.000208,0.0000,-nan,nan%,0.000226,0.0000,-nan,nan%,0.000184,0.0000,-nan,nan%,0.000160,0.0000,-nan,nan%,0.000122,0.0018,-nan,nan%,0.000064,0.0265,-nan,nan%,0.000060,0.1832,-nan,nan%,0.000056,0.7885,-nan,nan%
10000,15,7,5,5,5,5,5,5,5,5,5,5,5,5,5,5,5,1,2,3,4,5,7,9,12,15,19,24,30,38,48,60,0.003966,0.0000,-nan,nan%,0.001471,0.0000,-nan,nan%,0.001488,0.0000,-nan,nan%,0.000703,0.0000,-nan,nan%,0.000793,0.0000,-nan,nan%,0.000358,0.0000,-nan,nan%,0.000308,0.0000,-nan,nan%,0.000387,0.0000,-nan,nan%,0.000213,0.0000,-nan,nan%,0.000209,0.0000,-nan,nan%,0.000165,0.0000,-nan,nan%,0.000108,0.0010,-nan,nan%,0.000106,0.0181,-nan,nan%,0.000068,0.1683,-nan,nan%,0.000059,0.8126,-nan,nan%
10000,15,8,5,5,5,5,5,5,5,5,5,5,5,5,5,5,5,1,2,3,4,5,7,9,12,15,19,24,30,38,48,60,0.004933,0.0000,-nan,nan%,0.002014,0.0000,-nan,nan%,0.001442,0.0000,-nan,nan%,0.001133,0.0000,-nan,nan%,0.000731,0.0000,-nan,nan%,0.000516,0.0000,-nan,nan%,0.000386,0.0000,-nan,nan%,0.000308,0.0000,-nan,nan%,0.000252,0.0000,-nan,nan%,0.000209,0.0000,-nan,nan%,0.000166,0.0000,-nan,nan%,0.000143,0.0005,-nan,nan%,0.000127,0.0134,-nan,nan%,0.000134,0.1499,-nan,nan%,0.000069,0.8362,-nan,nan%
10000,15,9,5,5,5,5,5,5,5,5,5,5,5,5,5,5,5,1,2,3,4,5,7,9,12,15,19,24,30,38,48,60,0.005086,0.0000,-nan,nan%,0.002788,0.0000,-nan,nan%,0.001213,0.0000,-nan,nan%,0.001510,0.0000,-nan,nan%,0.000889,0.0000,-nan,nan%,0.000714,0.0000,-nan,nan%,0.000538,0.0000,-nan,nan%,0.000363,0.0000,-nan,nan%,0.000299,0.0000,-nan,nan%,0.000228,0.0000,-nan,nan%,0.000166,0.0000,-nan,nan%,0.000143,0.0004,-nan,nan%,0.000130,0.0084,-nan,nan%,0.000083,0.1392,-nan,nan%,0.000076,0.8520,-nan,nan%
10000,15,10,5,5,5,5,5,5,5,5,5,5,5,5,5,5,5,1,2,3,4,5,7,9,12,15,19,24,30,38,48,60,0.004270,0.0000,-nan,nan%,0.002036,0.0000,-nan,nan%,0.001634,0.0000,-nan,nan%,0.001160,0.0000,-nan,nan%,0.000915,0.0000,-nan,nan%,0.000558,0.0000,-nan,nan%,0.000583,0.0000,-nan,nan%,0.000418,0.0000,-nan,nan%,0.000288,0.0000,-nan,nan%,0.000269,0.0000,-nan,nan%,0.000207,0.0000,-nan,nan%,0.000158,0.0001,-nan,nan%,0.000120,0.0086,-nan,nan%,0.000103,0.1297,-nan,nan%,0.000077,0.8616,-nan,nan%
10000,15,11,5,5,5,5,5,5,5,5,5,5,5,5,5,5,5,1,2,3,4,5,7,9,12,15,19,24,30,38,48,60,0.005472,0.0000,-nan,nan%,0.002167,0.0000,-nan,nan%,0.002076,0.0000,-nan,nan%,0.001376,0.0000,-nan,nan%,0.000943,0.0000,-nan,nan%,0.001085,0.0000,-nan,nan%,0.000517,0.0000,-nan,nan%,0.000440,0.0000,-nan,nan%,0.000439,0.0000,-nan,nan%,0.000276,0.0000,-nan,nan%,0.000277,0.0000,-nan,nan%,0.000165,0.0000,-nan,nan%,0.000113,0.0069,-nan,nan%,0.000135,0.1239,-nan,nan%,0.000095,0.8692,-nan,nan%
10000,15,12,5,5,5,5,5,5,5,5,5,5,5,5,5,5,5,1,2,3,4,5,7,9,12,15,19,24,30,38,48,60,0.006004,0.0000,-nan,nan%,0.002901,0.0000,-nan,nan%,0.002168,0.0000,-nan,nan%,0.001569,0.0000,-nan,nan%,0.001193,0.0000,-nan,nan%,0.000825,0.0000,-nan,nan%,0.000554,0.0000,-nan,nan%,0.000473,0.0000,-nan,nan%,0.000397,0.0000,-nan,nan%,0.000284,0.0000,-nan,nan%,0.000318,0.0000,-nan,nan%,0.000164,0.0001,-nan,nan%,0.000127,0.0032,-nan,nan%,0.000138,0.1095,-nan,nan%,0.000101,0.8872,-nan,nan%
10000,15,13,5,5,5,5,5,5,5,5,5,5,5,5,5,5,5,1,2,3,4,5,7,9,12,15,19,24,30,38,48,60,0.005807,0.0000,-nan,nan%,0.002951,0.0000,-nan,nan%,0.002142,0.0000,-nan,nan%,0.001803,0.0000,-nan,nan%,0.001161,0.0000,-nan,nan%,0.000955,0.0000,-nan,nan%,0.000698,0.0000,-nan,nan%,0.000617,0.0000,-nan,nan%,0.000382,0.0000,-nan,nan%,0.000298,0.0000,-nan,nan%,0.000253,0.0000,-nan,nan%,0.000201,0.0000,-nan,nan%,0.000189,0.0039,-nan,nan%,0.000141,0.0975,-nan,nan%,0.000114,0.8986,-nan,nan%
10000,15,14,5,5,5,5,5,5,5,5,5,5,5,5,5,5,5,1,2,3,4,5,7,9,12,15,19,24,30,38,48,60,0.007828,0.0000,-nan,nan%,0.003673,0.0000,-nan,nan%,0.002488,0.0000,-nan,nan%,0.001933,0.0000,-nan,nan%,0.001948,0.0000,-nan,nan%,0.000929,0.0000,-nan,nan%,0.000678,0.0000,-nan,nan%,0.000540,0.0000,-nan,nan%,0.000522,0.0000,-nan,nan%,0.000335,0.0000,-nan,nan%,0.000305,0.0000,-nan,nan%,0.000216,0.0000,-nan,nan%,0.000180,0.0017,-nan,nan%,0.000133,0.0946,-nan,nan%,0.000136,0.9037,-nan,nan%
10000,15,15,5,5,5,5,5,5,5,5,5,5,5,5,5,5,5,1,2,3,4,5,7,9,12,15,19,24,30,38,48,60,0.006759,0.0000,-nan,nan%,0.003901,0.0000,-nan,nan%,0.002538,0.0000,-nan,nan%,0.001576,0.0000,-nan,nan%,0.001549,0.0000,-nan,nan%,0.000956,0.0000,-nan,nan%,0.000648,0.0000,-nan,nan%,0.000703,0.0000,-nan,nan%,0.000515,0.0000,-nan,nan%,0.000395,0.0000,-nan,nan%,0.000266,0.0000,-nan,nan%,0.000253,0.0000,-nan,nan%,0.000178,0.0024,-nan,nan%,0.000139,0.0859,-nan,nan%,0.000123,0.9117,-nan,nan%
10000,15,16,5,5,5,5,5,5,5,5,5,5,5,5,5,5,5,1,2,3,4,5,7,9,12,15,19,24,30,38,48,60,0.007327,0.0000,-nan,nan%,0.003537,0.0000,-nan,nan%,0.002581,0.0000,-nan,nan%,0.001871,0.0000,-nan,nan%,0.001537,0.0000,-nan,nan%,0.001013,0.0000,-nan,nan%,0.001100,0.0000,-nan,nan%,0.000697,0.0000,-nan,nan%,0.000593,0.0000,-nan,nan%,0.000367,0.0000,-nan,nan%,0.000332,0.0000,-nan,nan%,0.000256,0.0000,-nan,nan%,0.000204,0.0007,-nan,nan%,0.000173,0.0774,-nan,nan%,0.000163,0.9219,-nan,nan%
10000,15,17,5,5,5,5,5,5,5,5,5,5,5,5,5,5,5,1,2,3,4,5,7,9,12,15,19,24,30,38,48,60,0.008262,0.0000,-nan,nan%,0.004995,0.0000,-nan,nan%,0.002559,0.0000,-nan,nan%,0.002175,0.0000,-nan,nan%,0.002022,0.0000,-nan,nan%,0.001118,0.0000,-nan,nan%,0.000981,0.0000,-nan,nan%,0.000605,0.0000,-nan,nan%,0.000616,0.0000,-nan,nan%,0.000508,0.0000,-nan,nan%,0.000355,0.0000,-nan,nan%,0.000215,0.0000,-nan,nan%,0.000192,0.0003,-nan,nan%,0.000183,0.0755,-nan,nan%,0.000139,0.9242,-nan,nan%
10000,15,18,5,5,5,5,5,5,5,5,5,5,5,5,5,5,5,1,2,3,4,5,7,9,12,15,19,24,30,38,48,60,0.009122,0.0000,-nan,nan%,0.004318,0.0000,-nan,nan%,0.003098,0.0000,-nan,nan%,0.002376,0.0000,-nan,nan%,0.001992,0.0000,-nan,nan%,0.001463,0.0000,-nan,nan%,0.001109,0.0000,-nan,nan%,0.000781,0.0000,-nan,nan%,0.000697,0.0000,-nan,nan%,0.000493,0.0000,-nan,nan%,0.000399,0.0000,-nan,nan%,0.000352,0.0000,-nan,nan%,0.000231,0.0008,-nan,nan%,0.000201,0.0655,-nan,nan%,0.000145,0.9337,-nan,nan%
10000,15,19,5,5,5,5,5,5,5,5,5,5,5,5,5,5,5,1,2,3,4,5,7,9,12,15,19,24,30,38,48,60,0.008996,0.0000,-nan,nan%,0.005069,0.0000,-nan,nan%,0.002865,0.0000,-nan,nan%,0.002383,0.0000,-nan,nan%,0.001620,0.0000,-nan,nan%,0.001340,0.0000,-nan,nan%,0.001068,0.0000,-nan,nan%,0.000775,0.0000,-nan,nan%,0.000709,0.0000,-nan,nan%,0.000534,0.0000,-nan,nan%,0.000386,0.0000,-nan,nan%,0.000314,0.0000,-nan,nan%,0.000287,0.0003,-nan,nan%,0.000179,0.0607,-nan,nan%,0.000158,0.9390,-nan,nan%
10000,15,20,5,5,5,5,5,5,5,5,5,5,5,5,5,5,5,1,2,3,4,5,7,9,12,15,19,24,30,38,48,60,0.013059,0.0000,-nan,nan%,0.005498,0.0000,-nan,nan%,0.003092,0.0000,-nan,nan%,0.002403,0.0000,-nan,nan%,0.002242,0.0000,-nan,nan%,0.001282,0.0000,-nan,nan%,0.001193,0.0000,-nan,nan%,0.000700,0.0000,-nan,nan%,0.000664,0.0000,-nan,nan%,0.000469,0.0000,-nan,nan%,0.000372,0.0000,-nan,nan%,0.000308,0.0000,-nan,nan%,0.000272,0.0002,-nan,nan%,0.000224,0.0531,-nan,nan%,0.000186,0.9467,-nan,nan%
10000,15,21,5,5,5,5,5,5,5,5,5,5,5,5,5,5,5,1,2,3,4,5,7,9,12,15,19,24,30,38,48,60,0.009886,0.0000,-nan,nan%,0.005007,0.0000,-nan,nan%,0.002977,0.0000,-nan,nan%,0.002450,0.0000,-nan,nan%,0.002221,0.0000,-nan,nan%,0.001561,0.0000,-nan,nan%,0.001056,0.0000,-nan,nan%,0.000889,0.0000,-nan,nan%,0.000850,0.0000,-nan,nan%,0.000582,0.0000,-nan,nan%,0.000509,0.0000,-nan,nan%,0.000329,0.0000,-nan,nan%,0.000246,0.0004,-nan,nan%,0.000223,0.0550,-nan,nan%,0.000161,0.9446,-nan,nan%
10000,15,22,5,5,5,5,5,5,5,5,5,5,5,5,5,5,5,1,2,3,4,5,7,9,12,15,19,24,30,38,48,60,0.010920,0.0000,-nan,nan%,0.005633,0.0000,-nan,nan%,0.004010,0.0000,-nan,nan%,0.002618,0.0000,-nan,nan%,0.002387,0.0000,-nan,nan%,0.001499,0.0000,-nan,nan%,0.001099,0.0000,-nan,nan%,0.000780,0.0000,-nan,nan%,0.000676,0.0000,-nan,nan%,0.000625,0.0000,-nan,nan%,0.000565,0.0000,-nan,nan%,0.000401,0.0000,-nan,nan%,0.000337,0.0001,-nan,nan%,0.000214,0.0501,-nan,nan%,0.000190,0.9498,-nan,nan%
10000,15,23,5,5,5,5,5,5,5,5,5,5,5,5,5,5,5,1,2,3,4,5,7,9,12,15,19,24,30,38,48,60,0.011159,0.0000,-nan,nan%,0.005883,0.0000,-nan,nan%,0.004368,0.0000,-nan,nan%,0.003065,0.0000,-nan,nan%,0.002425,0.0000,-nan,nan%,0.001696,0.0000,-nan,nan%,0.001246,0.0000,-nan,nan%,0.000756,0.0000,-nan,nan%,0.000784,0.0000,-nan,nan%,0.000622,0.0000,-nan,nan%,0.000478,0.0000,-nan,nan%,0.000390,0.0000,-nan,nan%,0.000294,0.0002,-nan,nan%,0.000228,0.0447,-nan,nan%,0.000163,0.9551,-nan,nan%
10000,15,24,5,5,5,5,5,5,5,5,5,5,5,5,5,5,5,1,2,3,4,5,7,9,12,15,19,24,30,38,48,60,0.012256,0.0000,-nan,nan%,0.005816,0.0000,-nan,nan%,0.003882,0.0000,-nan,nan%,0.003364,0.0000,-nan,nan%,0.002693,0.0000,-nan,nan%,0.001533,0.0000,-nan,nan%,0.001318,0.0000,-nan,nan%,0.001096,0.0000,-nan,nan%,0.000974,0.0000,-nan,nan%,0.000669,0.0000,-nan,nan%,0.000568,0.0000,-nan,nan%,0.000369,0.0000,-nan,nan%,0.000287,0.0002,-nan,nan%,0.000282,0.0417,-nan,nan%,0.000201,0.9581,-nan,nan%
10000,15,25,5,5,5,5,5,5,5,5,5,5,5,5,5,5,5,1,2,3,4,5,7,9,12,15,19,24,30,38,48,60,0.012417,0.0000,-nan,nan%,0.005703,0.0000,-nan,nan%,0.004004,0.0000,-nan,nan%,0.002929,0.0000,-nan,nan%,0.002488,0.0000,-nan,nan%,0.002173,0.0000,-nan,nan%,0.001604,0.0000,-nan,nan%,0.000991,0.0000,-nan,nan%,0.000838,0.0000,-nan,nan%,0.000795,0.0000,-nan,nan%,0.000612,0.0000,-nan,nan%,0.000390,0.0000,-nan,nan%,0.000279,0.0002,-nan,nan%,0.000272,0.0391,-nan,nan%,0.000240,0.9607,-nan,nan%
10000,15,26,5,5,5,5,5,5,5,5,5,5,5,5,5,5,5,1,2,3,4,5,7,9,12,15,19,24,30,38,48,60,0.014268,0.0000,-nan,nan%,0.006225,0.0000,-nan,nan%,0.003761,0.0000,-nan,nan%,0.003068,0.0000,-nan,nan%,0.002190,0.0000,-nan,nan%,0.002040,0.0000,-nan,nan%,0.001334,0.0000,-nan,nan%,0.001020,0.0000,-nan,nan%,0.000795,0.0000,-nan,nan%,0.000668,0.0000,-nan,nan%,0.000501,0.0000,-nan,nan%,0.000491,0.0000,-nan,nan%,0.000406,0.0001,-nan,nan%,0.000275,0.0371,-nan,nan%,0.000236,0.9628,-nan,nan%
10000,15,27,5,5,5,5,5,5,5,5,5,5,5,5,5,5,5,1,2,3,4,5,7,9,12,15,19,24,30,38,48,60,0.014951,0.0000,-nan,nan%,0.006548,0.0000,-nan,nan%,0.004141,0.0000,-nan,nan%,0.003163,0.0000,-nan,nan%,0.002114,0.0000,-nan,nan%,0.001831,0.0000,-nan,nan%,0.001527,0.0000,-nan,nan%,0.001136,0.0000,-nan,nan%,0.000972,0.0000,-nan,nan%,0.000707,0.0000,-nan,nan%,0.000532,0.0000,-nan,nan%,0.000408,0.0000,-nan,nan%,0.000400,0.0000,-nan,nan%,0.000277,0.0329,-nan,nan%,0.000221,0.9671,-nan,nan%
10000,15,28,5,5,5,5,5,5,5,5,5,5,5,5,5,5,5,1,2,3,4,5,7,9,12,15,19,24,30,38,48,60,0.014524,0.0000,-nan,nan%,0.007268,0.0000,-nan,nan%,0.004638,0.0000,-nan,nan%,0.002974,0.0000,-nan,nan%,0.002988,0.0000,-nan,nan%,0.001956,0.0000,-nan,nan%,0.001488,0.0000,-nan,nan%,0.001097,0.0000,-nan,nan%,0.001180,0.0000,-nan,nan%,0.000814,0.0000,-nan,nan%,0.000564,0.0000,-nan,nan%,0.000523,0.0000,-nan,nan%,0.000402,0.0001,-nan,nan%,0.000294,0.0307,-nan,nan%,0.000213,0.9692,-nan,nan%
10000,15,29,5,5,5,5,5,5,5,5,5,5,5,5,5,5,5,1,2,3,4,5,7,9,12,15,19,24,30,38,48,60,0.012217,0.0000,-nan,nan%,0.007312,0.0000,-nan,nan%,0.004821,0.0000,-nan,nan%,0.003790,0.0000,-nan,nan%,0.002824,0.0000,-nan,nan%,0.002227,0.0000,-nan,nan%,0.001574,0.0000,-nan,nan%,0.000999,0.0000,-nan,nan%,0.000928,0.0000,-nan,nan%,0.000678,0.0000,-nan,nan%,0.000641,0.0000,-nan,nan%,0.000422,0.0000,-nan,nan%,0.000391,0.0000,-nan,nan%,0.000255,0.0282,-nan,nan%,0.000224,0.9718,-nan,nan%
10000,15,30,5,5,5,5,5,5,5,5,5,5,5,5,5,5,5,1,2,3,4,5,7,9,12,15,19,24,30,38,48,60,0.013100,0.0000,-nan,nan%,0.008091,0.0000,-nan,nan%,0.004191,0.0000,-nan,nan%,0.003387,0.0000,-nan,nan%,0.002741,0.0000,-nan,nan%,0.002078,0.0000,-nan,nan%,0.001680,0.0000,-nan,nan%,0.001090,0.0000,-nan,nan%,0.001007,0.0000,-nan,nan%,0.000793,0.0000,-nan,nan%,0.000614,0.0000,-nan,nan%,0.000482,0.0000,-nan,nan%,0.000410,0.0000,-nan,nan%,0.000284,0.0273,-nan,nan%,0.000256,0.9727,-nan,nan%
10000,20,1,5,5,5,5,5,5,5,5,5,5,5,5,5,5,5,5,5,5,5,5,1,2,3,4,5,7,9,12,15,19,24,30,38,48,60,70,88,110,138,173,0.000438,0.0000,0.0000,100.000000%,0.000308,0.0000,0.0000,100.000000%,0.000052,0.0000,0.0000,100.000000%,0.000112,0.0000,0.0000,100.000000%,0.000083,0.0000,0.0000,100.000000%,0.000033,0.0000,0.0000,100.000000%,0.000021,0.0000,0.0000,100.000000%,0.000054,0.0000,0.0000,100.000000%,0.000026,0.0000,0.0001,100.000000%,0.000031,0.0001,0.0002,38.692541%,0.000016,0.0001,0.0005,78.211620%,0.000024,0.0022,0.0012,83.830440%,0.000016,0.0032,0.0032,0.604691%,0.000016,0.0085,0.0080,6.335950%,0.000016,0.0210,0.0184,14.172941%,0.000010,0.0315,0.0318,0.855904%,0.000004,0.0688,0.0683,0.747658%,0.000006,0.1391,0.1364,2.011011%,0.000005,0.2560,0.2606,1.779036%,0.000002,0.4695,0.4715,0.418907%
10000,20,2,5,5,5,5,5,5,5,5,5,5,5,5,5,5,5,5,5,5,5,5,1,2,3,4,5,7,9,12,15,19,24,30,38,48,60,70,88,110,138,173,0.001621,0.0000,-nan,nan%,0.000478,0.0000,-nan,nan%,0.000283,0.0000,-nan,nan%,0.000201,0.0000,-nan,nan%,0.000145,0.0000,-nan,nan%,0.000101,0.0000,-nan,nan%,0.000110,0.0000,-nan,nan%,0.000064,0.0000,-nan,nan%,0.000066,0.0000,-nan,nan%,0.000036,0.0000,-nan,nan%,0.000025,0.0000,-nan,nan%,0.000056,0.0000,-nan,nan%,0.000018,0.0004,-nan,nan%,0.000026,0.0012,-nan,nan%,0.000011,0.0037,-nan,nan%,0.000007,0.0103,-nan,nan%,0.000012,0.0291,-nan,nan%,0.000010,0.0978,-nan,nan%,0.000005,0.2590,-nan,nan%,0.000005,0.5985,-nan,nan%
10000,20,3,5,5,5,5,5,5,5,5,5,5,5,5,5,5,5,5,5,5,5,5,1,2,3,4,5,7,9,12,15,19,24,30,38,48,60,70,88,110,138,173,0.001075,0.0000,-nan,nan%,0.000655,0.0000,-nan,nan%,0.000718,0.0000,-nan,nan%,0.000433,0.0000,-nan,nan%,0.000334,0.0000,-nan,nan%,0.000190,0.0000,-nan,nan%,0.000212,0.0000,-nan,nan%,0.000130,0.0000,-nan,nan%,0.000100,0.0000,-nan,nan%,0.000080,0.0000,-nan,nan%,0.000071,0.0000,-nan,nan%,0.000071,0.0000,-nan,nan%,0.000022,0.0001,-nan,nan%,0.000040,0.0000,-nan,nan%,0.000035,0.0004,-nan,nan%,0.000018,0.0020,-nan,nan%,0.000015,0.0164,-nan,nan%,0.000009,0.0709,-nan,nan%,0.000014,0.2504,-nan,nan%,0.000006,0.6598,-nan,nan%
10000,20,4,5,5,5,5,5,5,5,5,5,5,5,5,5,5,5,5,5,5,5,5,1,2,3,4,5,7,9,12,15,19,24,30,38,48,60,70,88,110,138,173,0.001646,0.0000,-nan,nan%,0.000847,0.0000,-nan,nan%,0.000646,0.0000,-nan,nan%,0.000557,0.0000,-nan,nan%,0.000348,0.0000,-nan,nan%,0.000309,0.0000,-nan,nan%,0.000137,0.0000,-nan,nan%,0.000177,0.0000,-nan,nan%,0.000131,0.0000,-nan,nan%,0.000138,0.0000,-nan,nan%,0.000086,0.0000,-nan,nan%,0.000073,0.0000,-nan,nan%,0.000043,0.0000,-nan,nan%,0.000027,0.0000,-nan,nan%,0.000040,0.0003,-nan,nan%,0.000026,0.0007,-nan,nan%,0.000025,0.0091,-nan,nan%,0.000020,0.0508,-nan,nan%,0.000014,0.2245,-nan,nan%,0.000007,0.7146,-nan,nan%
10000,20,5,5,5,5,5,5,5,5,5,5,5,5,5,5,5,5,5,5,5,5,5,1,2,3,4,5,7,9,12,15,19,24,30,38,48,60,70,88,110,138,173,0.002425,0.0000,-nan,nan%,0.001660,0.0000,-nan,nan%,0.000774,0.0000,-nan,nan%,0.000588,0.0000,-nan,nan%,0.000525,0.0000,-nan,nan%,0.000344,0.0000,-nan,nan%,0.000223,0.0000,-nan,nan%,0.000189,0.0000,-nan,nan%,0.000131,0.0000,-nan,nan%,0.000163,0.0000,-nan,nan%,0.000116,0.0000,-nan,nan%,0.000070,0.0000,-nan,nan%,0.000060,0.0000,-nan,nan%,0.000055,0.0000,-nan,nan%,0.000059,0.0000,-nan,nan%,0.000028,0.0007,-nan,nan%,0.000029,0.0042,-nan,nan%,0.000018,0.0385,-nan,nan%,0.000018,0.1991,-nan,nan%,0.000013,0.7575,-nan,nan%
10000,20,6,5,5,5,5,5,5,5,5,5,5,5,5,5,5,5,5,5,5,5,5,1,2,3,4,5,7,9,12,15,19,24,30,38,48,60,70,88,110,138,173,0.002480,0.0000,-nan,nan%,0.001419,0.0000,-nan,nan%,0.000812,0.0000,-nan,nan%,0.000672,0.0000,-nan,nan%,0.000618,0.0000,-nan,nan%,0.000426,0.0000,-nan,nan%,0.000413,0.0000,-nan,nan%,0.000200,0.0000,-nan,nan%,0.000246,0.0000,-nan,nan%,0.000156,0.0000,-nan,nan%,0.000090,0.0000,-nan,nan%,0.000137,0.0000,-nan,nan%,0.000069,0.0000,-nan,nan%,0.000038,0.0000,-nan,nan%,0.000061,0.0000,-nan,nan%,0.000064,0.0003,-nan,nan%,0.000030,0.0021,-nan,nan%,0.000019,0.0279,-nan,nan%,0.000017,0.1836,-nan,nan%,0.000018,0.7861,-nan,nan%
10000,20,7,5,5,5,5,5,5,5,5,5,5,5,5,5,5,5,5,5,5,5,5,1,2,3,4,5,7,9,12,15,19,24,30,38,48,60,70,88,110,138,173,0.003596,0.0000,-nan,nan%,0.001809,0.0000,-nan,nan%,0.001392,0.0000,-nan,nan%,0.000659,0.0000,-nan,nan%,0.000784,0.0000,-nan,nan%,0.000568,0.0000,-nan,nan%,0.000509,0.0000,-nan,nan%,0.000389,0.0000,-nan,nan%,0.000210,0.0000,-nan,nan%,0.000183,0.0000,-nan,nan%,0.000205,0.0000,-nan,nan%,0.000113,0.0000,-nan,nan%,0.000098,0.0000,-nan,nan%,0.000071,0.0000,-nan,nan%,0.000052,0.0000,-nan,nan%,0.000064,0.0000,-nan,nan%,0.000037,0.0011,-nan,nan%,0.000035,0.0192,-nan,nan%,0.000032,0.1696,-nan,nan%,0.000020,0.8101,-nan,nan%
10000,20,8,5,5,5,5,5,5,5,5,5,5,5,5,5,5,5,5,5,5,5,5,1,2,3,4,5,7,9,12,15,19,24,30,38,48,60,70,88,110,138,173,0.004037,0.0000,-nan,nan%,0.001634,0.0000,-nan,nan%,0.001146,0.0000,-nan,nan%,0.001285,0.0000,-nan,nan%,0.000567,0.0000,-nan,nan%,0.000650,0.0000,-nan,nan%,0.000495,0.0000,-nan,nan%,0.000439,0.0000,-nan,nan%,0.000260,0.0000,-nan,nan%,0.000227,0.0000,-nan,nan%,0.000162,0.0000,-nan,nan%,0.000146,0.0000,-nan,nan%,0.000090,0.0000,-nan,nan%,0.000097,0.0000,-nan,nan%,0.000054,0.0000,-nan,nan%,0.000063,0.0000,-nan,nan%,0.000040,0.0005,-nan,nan%,0.000039,0.0169,-nan,nan%,0.000030,0.1492,-nan,nan%,0.000022,0.8334,-nan,nan%
10000,20,9,5,5,5,5,5,5,5,5,5,5,5,5,5,5,5,5,5,5,5,5,1,2,3,4,5,7,9,12,15,19,24,30,38,48,60,70,88,110,138,173,0.004495,0.0000,-nan,nan%,0.002540,0.0000,-nan,nan%,0.001632,0.0000,-nan,nan%,0.001029,0.0000,-nan,nan%,0.001108,0.0000,-nan,nan%,0.000732,0.0000,-nan,nan%,0.000495,0.0000,-nan,nan%,0.000289,0.0000,-nan,nan%,0.000248,0.0000,-nan,nan%,0.000184,0.0000,-nan,nan%,0.000185,0.0000,-nan,nan%,0.000172,0.0000,-nan,nan%,0.000097,0.0000,-nan,nan%,0.000120,0.0000,-nan,nan%,0.000087,0.0000,-nan,nan%,0.000066,0.0000,-nan,nan%,0.000047,0.0003,-nan,nan%,0.000033,0.0112,-nan,nan%,0.000028,0.1383,-nan,nan%,0.000020,0.8502,-nan,nan%
10000,20,10,5,5,5,5,5,5,5,5,5,5,5,5,5,5,5,5,5,5,5,5,1,2,3,4,5,7,9,12,15,19,24,30,38,48,60,70,88,110,138,173,0.004266,0.0000,-nan,nan%,0.002460,0.0000,-nan,nan%,0.001505,0.0000,-nan,nan%,0.000971,0.0000,-nan,nan%,0.001012,0.0000,-nan,nan%,0.000754,0.0000,-nan,nan%,0.000555,0.0000,-nan,nan%,0.000420,0.0000,-nan,nan%,0.000314,0.0000,-nan,nan%,0.000286,0.0000,-nan,nan%,0.000189,0.0000,-nan,nan%,0.000172,0.0000,-nan,nan%,0.000100,0.0000,-nan,nan%,0.000116,0.0000,-nan,nan%,0.000083,0.0000,-nan,nan%,0.000083,0.0000,-nan,nan%,0.000058,0.0001,-nan,nan%,0.000051,0.0067,-nan,nan%,0.000037,0.1308,-nan,nan%,0.000023,0.8624,-nan,nan%
10000,20,11,5,5,5,5,5,5,5,5,5,5,5,5,5,5,5,5,5,5,5,5,1,2,3,4,5,7,9,12,15,19,24,30,38,48,60,70,88,110,138,173,0.004712,0.0000,-nan,nan%,0.002470,0.0000,-nan,nan%,0.001632,0.0000,-nan,nan%,0.001235,0.0000,-nan,nan%,0.001178,0.0000,-nan,nan%,0.001016,0.0000,-nan,nan%,0.000696,0.0000,-nan,nan%,0.000408,0.0000,-nan,nan%,0.000292,0.0000,-nan,nan%,0.000316,0.0000,-nan,nan%,0.000219,0.0000,-nan,nan%,0.000193,0.0000,-nan,nan%,0.000149,0.0000,-nan,nan%,0.000128,0.0000,-nan,nan%,0.000097,0.0000,-nan,nan%,0.000070,0.0000,-nan,nan%,0.000054,0.0002,-nan,nan%,0.000049,0.0067,-nan,nan%,0.000051,0.1148,-nan,nan%,0.000032,0.8783,-nan,nan%
10000,20,12,5,5,5,5,5,5,5,5,5,5,5,5,5,5,5,5,5,5,5,5,1,2,3,4,5,7,9,12,15,19,24,30,38,48,60,70,88,110,138,173,0.004448,0.0000,-nan,nan%,0.002435,0.0000,-nan,nan%,0.001790,0.0000,-nan,nan%,0.001498,0.0000,-nan,nan%,0.001518,0.0000,-nan,nan%,0.000867,0.0000,-nan,nan%,0.000696,0.0000,-nan,nan%,0.000527,0.0000,-nan,nan%,0.000372,0.0000,-nan,nan%,0.000323,0.0000,-nan,nan%,0.000241,0.0000,-nan,nan%,0.000187,0.0000,-nan,nan%,0.000171,0.0000,-nan,nan%,0.000143,0.0000,-nan,nan%,0.000108,0.0000,-nan,nan%,0.000103,0.0000,-nan,nan%,0.000080,0.0000,-nan,nan%,0.000055,0.0044,-nan,nan%,0.000045,0.1055,-nan,nan%,0.000037,0.8901,-nan,nan%
10000,20,13,5,5,5,5,5,5,5,5,5,5,5,5,5,5,5,5,5,5,5,5,1,2,3,4,5,7,9,12,15,19,24,30,38,48,60,70,88,110,138,173,0.006953,0.0000,-nan,nan%,0.003047,0.0000,-nan,nan%,0.002141,0.0000,-nan,nan%,0.001416,0.0000,-nan,nan%,0.001185,0.0000,-nan,nan%,0.000904,0.0000,-nan,nan%,0.000573,0.0000,-nan,nan%,0.000708,0.0000,-nan,nan%,0.000448,0.0000,-nan,nan%,0.000289,0.0000,-nan,nan%,0.000294,0.0000,-nan,nan%,0.000166,0.0000,-nan,nan%,0.000153,0.0000,-nan,nan%,0.000128,0.0000,-nan,nan%,0.000101,0.0000,-nan,nan%,0.000095,0.0000,-nan,nan%,0.000068,0.0000,-nan,nan%,0.000056,0.0029,-nan,nan%,0.000042,0.0958,-nan,nan%,0.000034,0.9013,-nan,nan%
10000,20,14,5,5,5,5,5,5,5,5,5,5,5,5,5,5,5,5,5,5,5,5,1,2,3,4,5,7,9,12,15,19,24,30,38,48,60,70,88,110,138,173,0.007649,0.0000,-nan,nan%,0.003684,0.0000,-nan,nan%,0.002422,0.0000,-nan,nan%,0.001438,0.0000,-nan,nan%,0.001556,0.0000,-nan,nan%,0.000953,0.0000,-nan,nan%,0.000745,0.0000,-nan,nan%,0.000627,0.0000,-nan,nan%,0.000465,0.0000,-nan,nan%,0.000305,0.0000,-nan,nan%,0.000247,0.0000,-nan,nan%,0.000261,0.0000,-nan,nan%,0.000163,0.0000,-nan,nan%,0.000157,0.0000,-nan,nan%,0.000117,0.0000,-nan,nan%,0.000085,0.0000,-nan,nan%,0.000082,0.0000,-nan,nan%,0.000061,0.0015,-nan,nan%,0.000048,0.0900,-nan,nan%,0.000041,0.9085,-nan,nan%
10000,20,15,5,5,5,5,5,5,5,5,5,5,5,5,5,5,5,5,5,5,5,5,1,2,3,4,5,7,9,12,15,19,24,30,38,48,60,70,88,110,138,173,0.007056,0.0000,-nan,nan%,0.003620,0.0000,-nan,nan%,0.002491,0.0000,-nan,nan%,0.001710,0.0000,-nan,nan%,0.001243,0.0000,-nan,nan%,0.001003,0.0000,-nan,nan%,0.000841,0.0000,-nan,nan%,0.000526,0.0000,-nan,nan%,0.000566,0.0000,-nan,nan%,0.000466,0.0000,-nan,nan%,0.000336,0.0000,-nan,nan%,0.000237,0.0000,-nan,nan%,0.000177,0.0000,-nan,nan%,0.000158,0.0000,-nan,nan%,0.000137,0.0000,-nan,nan%,0.000126,0.0000,-nan,nan%,0.000068,0.0000,-nan,nan%,0.000068,0.0014,-nan,nan%,0.000047,0.0774,-nan,nan%,0.000047,0.9212,-nan,nan%
10000,20,16,5,5,5,5,5,5,5,5,5,5,5,5,5,5,5,5,5,5,5,5,1,2,3,4,5,7,9,12,15,19,24,30,38,48,60,70,88,110,138,173,0.007686,0.0000,-nan,nan%,0.003950,0.0000,-nan,nan%,0.002875,0.0000,-nan,nan%,0.001985,0.0000,-nan,nan%,0.001492,0.0000,-nan,nan%,0.000965,0.0000,-nan,nan%,0.000867,0.0000,-nan,nan%,0.000593,0.0000,-nan,nan%,0.000593,0.0000,-nan,nan%,0.000620,0.0000,-nan,nan%,0.000410,0.0000,-nan,nan%,0.000295,0.0000,-nan,nan%,0.000257,0.0000,-nan,nan%,0.000140,0.0000,-nan,nan%,0.000105,0.0000,-nan,nan%,0.000121,0.0000,-nan,nan%,0.000087,0.0000,-nan,nan%,0.000064,0.0015,-nan,nan%,0.000058,0.0799,-nan,nan%,0.000046,0.9186,-nan,nan%
10000,20,17,5,5,5,5,5,5,5,5,5,5,5,5,5,5,5,5,5,5,5,5,1,2,3,4,5,7,9,12,15,19,24,30,38,48,60,70,88,110,138,173,0.008253,0.0000,-nan,nan%,0.004292,0.0000,-nan,nan%,0.003050,0.0000,-nan,nan%,0.002051,0.0000,-nan,nan%,0.001858,0.0000,-nan,nan%,0.001416,0.0000,-nan,nan%,0.000955,0.0000,-nan,nan%,0.000641,0.0000,-nan,nan%,0.000640,0.0000,-nan,nan%,0.000444,0.0000,-nan,nan%,0.000368,0.0000,-nan,nan%,0.000291,0.0000,-nan,nan%,0.000236,0.0000,-nan,nan%,0.000176,0.0000,-nan,nan%,0.000140,0.0000,-nan,nan%,0.000115,0.0000,-nan,nan%,0.000091,0.0000,-nan,nan%,0.000094,0.0015,-nan,nan%,0.000060,0.0715,-nan,nan%,0.000048,0.9270,-nan,nan%
10000,20,18,5,5,5,5,5,5,5,5,5,5,5,5,5,5,5,5,5,5,5,5,1,2,3,4,5,7,9,12,15,19,24,30,38,48,60,70,88,110,138,173,0.009067,0.0000,-nan,nan%,0.005105,0.0000,-nan,nan%,0.003213,0.0000,-nan,nan%,0.002399,0.0000,-nan,nan%,0.001837,0.0000,-nan,nan%,0.001298,0.0000,-nan,nan%,0.001047,0.0000,-nan,nan%,0.000645,0.0000,-nan,nan%,0.000633,0.0000,-nan,nan%,0.000491,0.0000,-nan,nan%,0.000427,0.0000,-nan,nan%,0.000256,0.0000,-nan,nan%,0.000211,0.0000,-nan,nan%,0.000172,0.0000,-nan,nan%,0.000161,0.0000,-nan,nan%,0.000137,0.0000,-nan,nan%,0.000095,0.0000,-nan,nan%,0.000095,0.0006,-nan,nan%,0.000073,0.0621,-nan,nan%,0.000061,0.9373,-nan,nan%
10000,20,19,5,5,5,5,5,5,5,5,5,5,5,5,5,5,5,5,5,5,5,5,1,2,3,4,5,7,9,12,15,19,24,30,38,48,60,70,88,110,138,173,0.008206,0.0000,-nan,nan%,0.005085,0.0000,-nan,nan%,0.003173,0.0000,-nan,nan%,0.002806,0.0000,-nan,nan%,0.002232,0.0000,-nan,nan%,0.001428,0.0000,-nan,nan%,0.000972,0.0000,-nan,nan%,0.000816,0.0000,-nan,nan%,0.000559,0.0000,-nan,nan%,0.000389,0.0000,-nan,nan%,0.000426,0.0000,-nan,nan%,0.000270,0.0000,-nan,nan%,0.000304,0.0000,-nan,nan%,0.000177,0.0000,-nan,nan%,0.000153,0.0000,-nan,nan%,0.000147,0.0000,-nan,nan%,0.000100,0.0000,-nan,nan%,0.000109,0.0006,-nan,nan%,0.000066,0.0592,-nan,nan%,0.000053,0.9402,-nan,nan%
10000,20,20,5,5,5,5,5,5,5,5,5,5,5,5,5,5,5,5,5,5,5,5,1,2,3,4,5,7,9,12,15,19,24,30,38,48,60,70,88,110,138,173,0.008623,0.0000,-nan,nan%,0.004068,0.0000,-nan,nan%,0.002629,0.0000,-nan,nan%,0.002492,0.0000,-nan,nan%,0.002161,0.0000,-nan,nan%,0.001492,0.0000,-nan,nan%,0.001042,0.0000,-nan,nan%,0.000793,0.0000,-nan,nan%,0.000664,0.0000,-nan,nan%,0.000540,0.0000,-nan,nan%,0.000451,0.0000,-nan,nan%,0.000330,0.0000,-nan,nan%,0.000235,0.0000,-nan,nan%,0.000202,0.0000,-nan,nan%,0.000172,0.0000,-nan,nan%,0.000148,0.0000,-nan,nan%,0.000114,0.0000,-nan,nan%,0.000082,0.0001,-nan,nan%,0.000066,0.0540,-nan,nan%,0.000054,0.9459,-nan,nan%
10000,20,21,5,5,5,5,5,5,5,5,5,5,5,5,5,5,5,5,5,5,5,5,1,2,3,4,5,7,9,12,15,19,24,30,38,48,60,70,88,110,138,173,0.010560,0.0000,-nan,nan%,0.004314,0.0000,-nan,nan%,0.003462,0.0000,-nan,nan%,0.002480,0.0000,-nan,nan%,0.001885,0.0000,-nan,nan%,0.001674,0.0000,-nan,nan%,0.001176,0.0000,-nan,nan%,0.000804,0.0000,-nan,nan%,0.000680,0.0000,-nan,nan%,0.000634,0.0000,-nan,nan%,0.000449,0.0000,-nan,nan%,0.000398,0.0000,-nan,nan%,0.000275,0.0000,-nan,nan%,0.000189,0.0000,-nan,nan%,0.000181,0.0000,-nan,nan%,0.000148,0.0000,-nan,nan%,0.000138,0.0000,-nan,nan%,0.000108,0.0002,-nan,nan%,0.000061,0.0467,-nan,nan%,0.000062,0.9531,-nan,nan%
10000,20,22,5,5,5,5,5,5,5,5,5,5,5,5,5,5,5,5,5,5,5,5,1,2,3,4,5,7,9,12,15,19,24,30,38,48,60,70,88,110,138,173,0.013503,0.0000,-nan,nan%,0.005773,0.0000,-nan,nan%,0.003949,0.0000,-nan,nan%,0.002742,0.0000,-nan,nan%,0.002253,0.0000,-nan,nan%,0.001497,0.0000,-nan,nan%,0.001344,0.0000,-nan,nan%,0.000914,0.0000,-nan,nan%,0.000794,0.0000,-nan,nan%,0.000649,0.0000,-nan,nan%,0.000392,0.0000,-nan,nan%,0.000381,0.0000,-nan,nan%,0.000361,0.0000,-nan,nan%,0.000224,0.0000,-nan,nan%,0.000186,0.0000,-nan,nan%,0.000133,0.0000,-nan,nan%,0.000115,0.0000,-nan,nan%,0.000097,0.0002,-nan,nan%,0.000073,0.0466,-nan,nan%,0.000060,0.9532,-nan,nan%
10000,20,23,5,5,5,5,5,5,5,5,5,5,5,5,5,5,5,5,5,5,5,5,1,2,3,4,5,7,9,12,15,19,24,30,38,48,60,70,88,110,138,173,0.011961,0.0000,-nan,nan%,0.005675,0.0000,-nan,nan%,0.003394,0.0000,-nan,nan%,0.002850,0.0000,-nan,nan%,0.002350,0.0000,-nan,nan%,0.001512,0.0000,-nan,nan%,0.001421,0.0000,-nan,nan%,0.001010,0.0000,-nan,nan%,0.000662,0.0000,-nan,nan%,0.000610,0.0000,-nan,nan%,0.000499,0.0000,-nan,nan%,0.000384,0.0000,-nan,nan%,0.000278,0.0000,-nan,nan%,0.000235,0.0000,-nan,nan%,0.000205,0.0000,-nan,nan%,0.000144,0.0000,-nan,nan%,0.000136,0.0000,-nan,nan%,0.000098,0.0004,-nan,nan%,0.000088,0.0472,-nan,nan%,0.000075,0.9524,-nan,nan%
10000,20,24,5,5,5,5,5,5,5,5,5,5,5,5,5,5,5,5,5,5,5,5,1,2,3,4,5,7,9,12,15,19,24,30,38,48,60,70,88,110,138,173,0.011729,0.0000,-nan,nan%,0.006001,0.0000,-nan,nan%,0.003872,0.0000,-nan,nan%,0.002656,0.0000,-nan,nan%,0.002330,0.0000,-nan,nan%,0.001785,0.0000,-nan,nan%,0.001330,0.0000,-nan,nan%,0.000923,0.0000,-nan,nan%,0.000818,0.0000,-nan,nan%,0.000642,0.0000,-nan,nan%,0.000474,0.0000,-nan,nan%,0.000387,0.0000,-nan,nan%,0.000283,0.0000,-nan,nan%,0.000257,0.0000,-nan,nan%,0.000166,0.0000,-nan,nan%,0.000148,0.0000,-nan,nan%,0.000134,0.0000,-nan,nan%,0.000094,0.0000,-nan,nan%,0.000083,0.0401,-nan,nan%,0.000068,0.9599,-nan,nan%
10000,20,25,5,5,5,5,5,5,5,5,5,5,5,5,5,5,5,5,5,5,5,5,1,2,3,4,5,7,9,12,15,19,24,30,38,48,60,70,88,110,138,173,0.012735,0.0000,-nan,nan%,0.007193,0.0000,-nan,nan%,0.004371,0.0000,-nan,nan%,0.003764,0.0000,-nan,nan%,0.002718,0.0000,-nan,nan%,0.001736,0.0000,-nan,nan%,0.001447,0.0000,-nan,nan%,0.000976,0.0000,-nan,nan%,0.000888,0.0000,-nan,nan%,0.000661,0.0000,-nan,nan%,0.000474,0.0000,-nan,nan%,0.000381,0.0000,-nan,nan%,0.000335,0.0000,-nan,nan%,0.000237,0.0000,-nan,nan%,0.000198,0.0000,-nan,nan%,0.000192,0.0000,-nan,nan%,0.000177,0.0000,-nan,nan%,0.000104,0.0001,-nan,nan%,0.000093,0.0366,-nan,nan%,0.000075,0.9633,-nan,nan%
10000,20,26,5,5,5,5,5,5,5,5,5,5,5,5,5,5,5,5,5,5,5,5,1,2,3,4,5,7,9,12,15,19,24,30,38,48,60,70,88,110,138,173,0.012323,0.0000,-nan,nan%,0.006337,0.0000,-nan,nan%,0.004251,0.0000,-nan,nan%,0.003356,0.0000,-nan,nan%,0.002612,0.0000,-nan,nan%,0.002037,0.0000,-nan,nan%,0.001279,0.0000,-nan,nan%,0.000842,0.0000,-nan,nan%,0.000903,0.0000,-nan,nan%,0.000715,0.0000,-nan,nan%,0.000509,0.0000,-nan,nan%,0.000384,0.0000,-nan,nan%,0.000387,0.0000,-nan,nan%,0.000335,0.0000,-nan,nan%,0.000267,0.0000,-nan,nan%,0.000173,0.0000,-nan,nan%,0.000149,0.0000,-nan,nan%,0.000126,0.0001,-nan,nan%,0.000088,0.0373,-nan,nan%,0.000072,0.9626,-nan,nan%
10000,20,27,5,5,5,5,5,5,5,5,5,5,5,5,5,5,5,5,5,5,5,5,1,2,3,4,5,7,9,12,15,19,24,30,38,48,60,70,88,110,138,173,0.012478,0.0000,-nan,nan%,0.006539,0.0000,-nan,nan%,0.004630,0.0000,-nan,nan%,0.003759,0.0000,-nan,nan%,0.002781,0.0000,-nan,nan%,0.001838,0.0000,-nan,nan%,0.001537,0.0000,-nan,nan%,0.001058,0.0000,-nan,nan%,0.000967,0.0000,-nan,nan%,0.000825,0.0000,-nan,nan%,0.000561,0.0000,-nan,nan%,0.000390,0.0000,-nan,nan%,0.000422,0.0000,-nan,nan%,0.000283,0.0000,-nan,nan%,0.000249,0.0000,-nan,nan%,0.000196,0.0000,-nan,nan%,0.000167,0.0000,-nan,nan%,0.000132,0.0001,-nan,nan%,0.000102,0.0312,-nan,nan%,0.000080,0.9687,-nan,nan%
10000,20,28,5,5,5,5,5,5,5,5,5,5,5,5,5,5,5,5,5,5,5,5,1,2,3,4,5,7,9,12,15,19,24,30,38,48,60,70,88,110,138,173,0.011267,0.0000,-nan,nan%,0.006837,0.0000,-nan,nan%,0.004072,0.0000,-nan,nan%,0.003541,0.0000,-nan,nan%,0.002546,0.0000,-nan,nan%,0.001833,0.0000,-nan,nan%,0.001698,0.0000,-nan,nan%,0.001155,0.0000,-nan,nan%,0.000957,0.0000,-nan,nan%,0.000712,0.0000,-nan,nan%,0.000533,0.0000,-nan,nan%,0.000482,0.0000,-nan,nan%,0.000393,0.0000,-nan,nan%,0.000313,0.0000,-nan,nan%,0.000246,0.0000,-nan,nan%,0.000209,0.0000,-nan,nan%,0.000144,0.0000,-nan,nan%,0.000138,0.0000,-nan,nan%,0.000099,0.0278,-nan,nan%,0.000074,0.9722,-nan,nan%
10000,20,29,5,5,5,5,5,5,5,5,5,5,5,5,5,5,5,5,5,5,5,5,1,2,3,4,5,7,9,12,15,19,24,30,38,48,60,70,88,110,138,173,0.013431,0.0000,-nan,nan%,0.007710,0.0000,-nan,nan%,0.004451,0.0000,-nan,nan%,0.003583,0.0000,-nan,nan%,0.002681,0.0000,-nan,nan%,0.002214,0.0000,-nan,nan%,0.001586,0.0000,-nan,nan%,0.001303,0.0000,-nan,nan%,0.000982,0.0000,-nan,nan%,0.000706,0.0000,-nan,nan%,0.000637,0.0000,-nan,nan%,0.000452,0.0000,-nan,nan%,0.000404,0.0000,-nan,nan%,0.000309,0.0000,-nan,nan%,0.000248,0.0000,-nan,nan%,0.000189,0.0000,-nan,nan%,0.000148,0.0000,-nan,nan%,0.000112,0.0000,-nan,nan%,0.000107,0.0264,-nan,nan%,0.000085,0.9736,-nan,nan%
10000,20,30,5,5,5,5,5,5,5,5,5,5,5,5,5,5,5,5,5,5,5,5,1,2,3,4,5,7,9,12,15,19,24,30,38,48,60,70,88,110,138,173,0.014994,0.0000,-nan,nan%,0.007222,0.0000,-nan,nan%,0.004557,0.0000,-nan,nan%,0.003795,0.0000,-nan,nan%,0.002765,0.0000,-nan,nan%,0.002343,0.0000,-nan,nan%,0.001630,0.0000,-nan,nan%,0.001197,0.0000,-nan,nan%,0.001019,0.0000,-nan,nan%,0.000758,0.0000,-nan,nan%,0.000747,0.0000,-nan,nan%,0.000526,0.0000,-nan,nan%,0.000417,0.0000,-nan,nan%,0.000324,0.0000,-nan,nan%,0.000242,0.0000,-nan,nan%,0.000241,0.0000,-nan,nan%,0.000198,0.0000,-nan,nan%,0.000130,0.0000,-nan,nan%,0.000106,0.0246,-nan,nan%,0.000087,0.9754,-nan,nan%
